10.1098/rspb.2013.3003	Fish species introductions provide novel insights into the patterns and drivers of phylogenetic structure in freshwaters	https://www.webofscience.com/wos/woscc/full-record/WOS:000332382300018	["3-0"]